Real_Label,Predicted_Score,Predicted_label
0,0.1560978742537064,0
0,0.43358519222249436,0
1,0.9576552271848503,1
0,0.2819282730541803,0
0,0.3361312769416534,0
0,0.4547790416068607,0
1,0.8168481509111413,1
1,0.25147685562443167,0
0,0.13907518835031354,0
1,0.9132276219941945,1
0,0.25057399562381755,0
1,0.7944509970485183,1
0,0.10740745892154036,0
0,0.2414837893719313,0
0,0.33911018517942004,0
1,0.4047367975607788,0
0,0.3068143360490279,0
0,0.19091401643550215,0
1,0.9532179642106547,1
1,0.8086152975898757,1
0,0.13946188413152832,0
0,0.40207052268472443,0
0,0.3974982863258285,0
1,0.8467600130553926,1
0,0.46141527421503864,0
1,0.185399161011318,0
0,0.19391387361125226,0
1,0.1101928987741006,0
0,0.5463419705253489,1
1,0.8331229513873347,1
1,0.4760890790619693,0
0,0.22345195921409458,0
0,0.1421142860298815,0
1,0.43077970102531193,0
0,0.520016527379333,1
0,0.23695592467702772,0
1,0.9788035414853853,1
0,0.2769051393412248,0
1,0.34564792112154175,0
0,0.187342042988921,0
0,0.19362501215268546,0
0,0.4276804574118956,0
1,0.7448278484137371,1
0,0.5136447458271992,1
1,0.7738317732260003,1
0,0.07426518187394582,0
0,0.2799593106790445,0
1,0.7868457509068258,1
0,0.311835447727549,0
0,0.1860935891383117,0
0,0.36577733450071376,0
0,0.2548381284728437,0
0,0.2278065090506311,0
1,0.833894358224294,1
0,0.11392801738675849,0
1,0.2174532850546705,0
0,0.3105017811355963,0
0,0.17609415947751264,0
0,0.1810456826598876,0
0,0.35749388640282986,0
0,0.3385905290039869,0
1,0.04650384540588507,0
0,0.10951909948348129,0
0,0.10515661529621384,0
0,0.29496654902304054,0
0,0.0956257661152577,0
1,0.8819959483431001,1
0,0.14402773754315779,0
0,0.32798279733958857,0
1,0.38459689395688323,0
1,0.51107251976895,1
0,0.25944434518540893,0
0,0.4428471773158157,0
1,0.8191859234396209,1
1,0.7540799923330566,1
0,0.37087636786205813,0
0,0.4694127871758943,0
1,0.6426106588582834,1
0,0.28977611523453567,0
0,0.48187061278984666,0
0,0.2911293106479762,0
1,0.45796354653272336,0
0,0.3712516864613944,0
0,0.14253234812706972,0
1,0.494950845120954,0
0,0.3957030709755174,0
0,0.2554280441080499,0
1,0.5873484806610315,1
1,0.5872959164967245,1
1,0.20388612538222492,0
1,0.7405324121359448,1
0,0.18620262467319643,0
0,0.28924853146776264,0
1,0.6308213385783636,1
0,0.4908795403259251,0
0,0.26455392642783415,0
0,0.1535033855734108,0
0,0.32329772066838147,0
0,0.4029792921402157,0
0,0.33251887335079194,0
1,0.3161560731409957,0
1,0.39159295990141774,0
1,0.2259113954574325,0
1,0.505741962251555,1
1,0.22776677577551055,0
0,0.1682649167626694,0
0,0.23458005914667002,0
1,0.3507268563386009,0
0,0.12226560213318334,0
1,0.8456743818189617,1
0,0.4103796393877906,0
0,0.178996957539209,0
1,0.22602734160429974,0
1,0.8938957018074641,1
0,0.29047871505210954,0
0,0.3464767657748798,0
0,0.12203110773079054,0
1,0.5732322271066432,1
0,0.28371408378491075,0
0,0.3718655686099705,0
1,0.8453257001583631,1
1,0.4911967239835817,0
1,0.694380377064892,1
0,0.15132629512662266,0
1,0.7251709278555534,1
0,0.1580567615298076,0
0,0.2180447265644069,0
1,0.32302636472839497,0
0,0.21857121164296692,0
0,0.15636415096061315,0
1,0.6089445348109348,1
0,0.2947849472492546,0
0,0.3978657022052126,0
0,0.11485486318167229,0
1,0.801056727087312,1
0,0.2851941314729884,0
0,0.3300747877001919,0
1,0.9190233551067829,1
0,0.17043593229548637,0
0,0.5669667537241937,1
0,0.108501636693997,0
0,0.15512548628528888,0
1,0.6368262566799463,1
0,0.22847753279753275,0
0,0.35413644544916795,0
0,0.4048224941511448,0
0,0.29746274629874736,0
0,0.0730705701575184,0
1,0.23134572111437043,0
0,0.19743895255767985,0
1,0.40161427649583253,0
0,0.324764847193622,0
1,0.7706423403453918,1
0,0.27281777132746676,0
1,0.8883479056500443,1
0,0.16513003096457546,0
1,0.2000637124629158,0
0,0.29991408187869306,0
1,0.7574652558763576,1
1,0.973184571961231,1
1,0.48907543601284065,0
1,0.9374988849439843,1
1,0.609355523663445,1
1,0.4535520541955271,0
1,0.27701178879794397,0
1,0.5958591168884424,1
1,0.26486416802487006,0
1,0.26028575281917193,0
0,0.23894398830335553,0
0,0.09644389612075376,0
1,0.8666610914531301,1
1,0.8378926185593112,1
1,0.8842988902700627,1
1,0.5644356425255336,1
1,0.62133068086732,1
1,0.7977110522739707,1
1,0.9212417408546515,1
0,0.21390125394145887,0
1,0.9280602510456374,1
0,0.2267093860284249,0
0,0.18859639574184392,0
0,0.21120836954492408,0
0,0.2592503483149117,0
1,0.5812734470737129,1
0,0.3228909254590403,0
0,0.30078184605571,0
1,0.6959521031481344,1
1,0.19034994414862547,0
1,0.9865523785002984,1
1,0.6499828436414324,1
0,0.9070469485878612,1
1,0.6397366384236319,1
1,0.6526275348118333,1
0,0.4123623659647935,0
1,0.5870542903327699,1
1,0.7058091055146177,1
0,0.28170066311600955,0
0,0.1840436693325817,0
0,0.3228641221197115,0
1,0.500054994112987,1
1,0.19476518364316392,0
1,0.9483039615165146,1
1,0.8997979014312009,1
0,0.5573209322187473,1
0,0.26266210003808005,0
1,0.8434266021615873,1
1,0.8256574958018134,1
0,0.20675749216549497,0
0,0.17781605102133616,0
1,0.145705023660278,0
0,0.27794305101601274,0
1,0.47192748708400856,0
1,0.8194303879316823,1
1,0.2854246229153537,0
1,0.33372325074494746,0
0,0.3893196289170562,0
0,0.4480826499465416,0
1,0.1057935796924628,0
1,0.671651377146598,1
1,0.5310131204104123,1
1,0.6692690118793584,1
1,0.6609921611530682,1
0,0.11519326653837603,0
0,0.21483857985798233,0
1,0.5590136933791106,1
1,0.579228876511215,1
1,0.4407892526542548,0
1,0.47119860448071466,0
0,0.30824681203900817,0
0,0.20582818299074707,0
0,0.24153765896862783,0
1,0.3886937868402386,0
0,0.33657648742985075,0
1,0.6345364180541515,1
0,0.4088490934944405,0
0,0.26709504275668716,0
1,0.6645461776767443,1
1,0.6775298515165606,1
0,0.22045437018377603,0
0,0.3538685530757161,0
0,0.2830458470049828,0
0,0.1860855547225261,0
0,0.3592550893571671,0
0,0.365906713345203,0
0,0.32964266188761304,0
0,0.25579505676331443,0
1,0.8802255206921779,1
0,0.26675619461341116,0
0,0.36666193066964287,0
1,0.6890303624314121,1
0,0.5207740677064795,1
0,0.169316316146159,0
1,0.2467323938757047,0
0,0.446429071538845,0
0,0.14556025168352188,0
1,0.38259832122466714,0
1,0.7926258820920877,1
1,0.6536609724484235,1
0,0.2849912892066996,0
0,0.3334320675666025,0
0,0.37246566305143713,0
0,0.2919250054813408,0
1,0.1334534156320445,0
1,0.26450704802586894,0
0,0.3231367213866303,0
1,0.6676029040387623,1
1,0.6916144254115889,1
0,0.5170745448275311,1
0,0.3442475474553727,0
1,0.7952501383791734,1
0,0.3887752924620658,0
1,0.4214981911030321,0
0,0.29831516195180163,0
0,0.527481941398611,1
0,0.1987193620755353,0
1,0.6965755306439698,1
0,0.31475007731641147,0
1,0.1425253481406031,0
1,0.9653424317556052,1
0,0.18872576537702623,0
0,0.20860692856931978,0
1,0.2454872998883519,0
1,0.46837531333455734,0
1,0.36376440876182514,0
1,0.5231635033037149,1
0,0.16036957605916782,0
0,0.3783519964731911,0
0,0.35403580427720976,0
0,0.3895828783559442,0
0,0.21071625014662962,0
0,0.5523921180806137,1
0,0.32005760588717946,0
0,0.4270719845140707,0
1,0.21379283010639324,0
1,0.7369595363553041,1
0,0.19700017805249176,0
1,0.26369238925343547,0
1,0.879864431194806,1
1,0.5678120244778534,1
0,0.28254970513192473,0
